0.024663
0.022654
0.010904
0.006907
0.027591
0.030885
0.042469
0.018030
0.011549
0.027813
0.017711
0.057190
0.018612
0.033039
0.013064
0.004995
0.019180
0.024090
0.022618
0.017415
0.006175
0.008647
0.038688
0.020797
0.021119
0.016299
0.034700
0.040340
0.024615
0.025933
0.022262
0.029164
0.035883
0.033787
0.024471
0.015174
0.017040
0.023283
0.037813
0.010588
0.016471
0.017387
0.014406
0.017798
0.029960
0.018057
0.015141
0.041746
0.040780
0.026246
0.015129
0.012369
0.011177
0.026414
0.020310
0.024379
0.012470
0.024191
0.024165
0.012908
0.019499
0.019618
0.035125
0.030688
0.032537
0.019640
0.025066
0.028562
0.034206
0.029261
0.018388
0.014119
0.023958
0.025014
0.007708
0.025429
0.029571
0.021834
0.025351
0.038038
0.019991
0.040500
0.024427
0.028052
0.011194
0.026423
0.026546
0.026587
0.027860
0.040701
0.034992
0.024635
0.018564
0.011713
0.010191
0.022577
0.016639
0.007666
0.029985
0.023444
0.041776
0.048230
0.030379
0.030821
0.039943
0.029676
0.022537
0.011540
0.027361
0.016554
0.011786
0.022674
0.033648
0.026944
0.039311
0.021769
0.038168
0.008102
0.008502
0.039124
0.025072
0.032534
0.042149
0.032126
0.035523
0.026738
0.029570
0.019682
0.027966
0.029966
0.013356
0.010379
0.029181
0.019948
0.039009
0.030791
0.012241
0.025599
0.034120
0.025603
0.017148
0.006210
0.044228
0.027803
0.045933
0.014022
0.032950
0.030082
0.036793
0.022156
0.025525
0.009272
0.023610
0.042651
0.031716
0.042054
0.028611
0.037704
0.009850
0.022533
0.028423
0.008286
0.013590
0.021750
0.023211
0.033148
0.022760
0.034524
0.013971
0.024751
0.021669
0.023765
0.014388
0.020117
0.027515
0.024549
0.015814
0.014094
0.027217
0.021522
0.011104
0.029077
0.020944
0.015447
0.028697
0.025896
0.031575
0.016574
0.039403
0.011428
0.026124
0.028605
0.020176
0.045665
0.034172
0.019545
0.033707
0.006986
0.033089
0.048639
0.028323
0.031567
0.024679
0.015649
0.003677
0.018629
0.024180
0.039455
0.025205
0.017071
0.020403
0.011927
0.042197
0.036549
0.026598
0.043267
0.017442
0.029513
0.039841
0.019425
0.022895
0.017186
0.023406
0.037259
0.022424
0.012812
0.022654
0.022739
0.011863
0.020200
0.014828
0.036401
0.030016
0.022718
0.017356
0.021101
0.029773
0.026394
0.028857
0.037492
0.046595
0.034872
0.041335
0.039112
0.026461
0.022562
0.027373
0.009832
0.026155
0.014321
0.013552
0.015194
0.021704
0.019966
0.017305
0.035821
0.023220
0.009871
0.012570
0.040563
0.013011
0.041736
0.030547
0.021479
0.022788
0.022200
0.035966
0.034051
0.035418
0.016555
0.013960
0.021636
0.025480
0.036221
0.027425
0.016370
0.030102
0.007536
0.040004
0.025946
0.036128
0.003201
0.032701
0.045390
0.007567
0.019747
0.025574
0.018673
0.025547
0.021076
0.024322
0.013487
0.030012
0.045063
0.027925
0.016421
0.013822
0.006245
0.015239
0.012517
0.025037
0.017342
0.018007
0.024463
0.014929
0.010875
0.022590
0.041167
0.022112
0.023575
0.036822
0.012777
0.014309
0.032488
0.015691
0.029334
0.022928
0.034815
0.020273
0.031375
0.013112
0.035351
0.019155
0.024432
0.021553
0.032007
0.022926
0.021858
0.023626
0.038891
0.024163
0.020987
0.027411
0.012260
0.013256
0.015857
0.009598
0.022038
0.017219
0.014955
0.033927
0.041264
0.010827
0.036533
0.027386
0.036798
0.008518
0.017306
0.019716
0.010651
0.030618
0.014982
0.012517
0.017572
0.023331
0.013624
0.040546
0.034316
0.043865
0.027948
0.035145
0.043684
0.029020
0.033258
0.030929
0.052199
0.041478
0.050382
0.034398
0.042795
0.027065
0.023892
0.038520
0.033712
0.028397
0.016395
0.029969
0.036244
0.026000
0.026983
0.031182
0.018372
0.036233
0.016676
0.019567
0.016562
0.021411
0.024544
0.035833
0.016107
0.048349
0.018135
0.013009
0.018632
0.024082
0.026615
0.026814
0.022704
0.039196
0.023213
0.029891
0.031311
0.025599
0.036847
0.030287
0.025564
0.024484
0.023711
0.028661
0.008008
0.025366
0.032729
0.014197
0.018861
0.019104
0.013217
0.037609
0.013951
0.015638
0.017903
0.029409
0.024435
0.015808
0.021750
0.035230
0.035529
0.011217
0.007797
0.016940
0.011118
0.009985
0.020612
0.018359
0.021772
0.023426
0.038267
0.027591
0.031070
0.020929
0.017399
0.018726
0.022981
0.010186
0.012350
0.037072
0.033406
0.034533
0.034382
0.023861
0.029590
0.029346
0.039719
0.034924
0.035031
0.028611
0.043340
0.027648
0.026640
0.030887
0.017941
0.030214
0.007166
0.019983
0.019069
0.008435
0.012700
0.030860
0.018285
0.019786
0.023901
0.026174
0.014892
0.025318
0.028185
0.030592
0.036677
0.037185
0.027310
0.010402
0.017919
0.025123
0.014695
0.027331
0.032503
0.011344
0.023470
0.007236
0.012207
0.018341
0.032394
0.021840
0.022789
0.024771
0.031665
0.011327
0.019189
0.023448
0.014699
0.013339
0.033742
0.014460
0.016462
0.025360
0.035528
0.013338
0.019993
0.014448
0.024600
0.018854
0.015748
0.014382
0.025656
0.036450
0.021146
0.035103
0.033049
0.035933
0.026249
0.018554
0.025668
0.024777
0.030771
0.035792
0.023534
0.019283
0.010025
0.015731
0.037954
0.041360
0.005368
0.048694
0.022220
0.035431
0.009514
0.044431
0.033625
0.025525
0.035485
0.020266
0.012571
0.010348
0.035355
0.047119
0.030929
0.042015
0.033613
0.062037
0.032668
0.019057
0.006171
0.028984
0.030931
0.027974
0.016780
0.030104
0.028436
0.012735
0.008457
0.016354
0.028279
0.038783
0.026386
0.016987
0.030820
0.023475
0.029228
0.039028
0.025897
0.045528
0.029211
0.023328
0.024265
0.023804
0.022978
0.031400
0.022063
0.021173
0.021205
0.022847
0.020569
0.023986
0.017537
0.026879
0.012199
0.033136
0.011277
0.012524
0.025790
0.032436
0.030762
0.015037
0.020139
0.005691
0.019376
0.019705
0.034194
0.024914
0.022902
0.040344
0.035345
0.026754
0.038983
0.025152
0.010075
0.052714
0.023010
0.020830
0.031754
0.034175
0.038144
0.018294
0.019595
0.027086
0.006929
0.022155
0.036521
0.012840
0.026956
0.026702
0.021258
0.046156
0.024810
0.012672
0.025447
0.021436
0.028016
0.031393
0.039814
0.043955
0.043187
0.018303
0.019351
0.011302
0.014274
0.022747
0.006885
0.022802
0.016529
0.035461
0.006333
0.025139
0.012854
0.035816
0.027635
0.017394
0.024380
0.034775
0.031497
0.038939
0.036821
0.032835
0.027486
0.021805
0.011266
0.025044
0.006636
0.018955
0.031004
0.035255
0.036741
0.030525
0.026042
0.019353
0.028422
0.026005
0.024807
0.017093
0.023040
0.024864
0.032683
0.021608
0.026827
0.011092
0.016768
0.020382
0.013967
0.022633
0.030193
0.025913
0.015747
0.028429
0.021451
0.014084
0.018104
0.022780
0.030664
0.047577
0.023315
0.013006
0.011923
0.007508
0.044675
0.035831
0.013454
0.015718
0.022370
0.017914
0.020126
0.022444
0.012812
0.012142
0.012007
0.016807
0.028213
0.027155
0.014404
0.034658
0.022551
0.019290
0.027771
0.032183
0.022758
0.024639
0.019574
0.032076
0.050418
0.018696
0.031537
0.018755
0.030536
0.016576
0.027494
0.029659
0.016921
0.011492
0.020456
0.039588
0.038406
0.016879
0.033381
0.014909
0.032887
0.015262
0.030039
0.022975
0.015156
0.047189
0.037374
0.026610
0.018483
0.031348
0.008224
0.043678
0.047027
0.013466
0.036722
0.028059
0.035838
0.023340
0.026616
0.009816
0.023548
0.040305
0.033642
0.020964
0.025438
0.027105
0.021729
0.018967
0.025864
0.023140
0.021064
0.019521
0.028376
0.014043
0.032510
0.006610
0.010787
0.012275
0.019406
0.039474
0.035007
0.017712
0.028759
0.023630
0.018966
0.025251
0.025362
0.035228
0.019952
0.042128
0.004506
0.026045
0.028203
0.002723
0.039436
0.019812
0.038241
0.004710
0.033639
0.048363
0.008293
0.026335
0.028612
0.025231
0.014286
0.023960
0.018481
0.026058
0.012480
0.039370
0.029438
0.031301
0.013863
0.007280
0.037477
0.007514
0.019970
0.021373
0.043127
0.005275
0.009896
0.025686
0.027462
0.031410
0.030407
0.028037
0.036667
0.019441
0.013845
0.041936
0.029384
0.035577
0.020432
0.033165
0.011411
0.046347
0.021256
0.042391
0.028976
0.043454
0.020076
0.033159
0.007021
0.036991
0.043026
0.028598
0.034763
0.029335
0.018586
0.024358
0.014813
0.016965
0.033747
0.032284
0.035264
0.027257
0.052347
0.016898
0.017367
0.007228
0.055014
0.011705
0.029737
0.043919
0.035341
0.032613
0.014021
0.027574
0.033102
0.034934
0.012313
0.030055
0.034155
0.016196
0.019983
0.025218
0.025052
0.018729
0.023511
0.028238
0.011333
0.021050
0.024820
0.021483
0.019779
0.028835
0.021526
0.024019
0.031949
0.028976
0.018491
0.019266
0.037571
0.018851
0.018881
0.023055
0.020603
0.018051
0.025175
0.024533
0.016823
0.026533
0.026839
0.012822
0.025559
0.017458
0.011788
0.023618
0.019803
0.016367
0.021131
0.029742
0.031213
0.040493
0.039380
0.030444
0.029582
0.033942
0.017799
0.027351
0.017060
0.043931
0.022717
0.034202
0.029560
0.029687
0.023215
0.036164
0.042614
0.022946
0.020468
0.016176
0.026507
0.039188
0.032865
0.034219
0.054947
0.038360
0.043463
0.019193
0.029189
0.025487
0.023168
0.017948
0.023072
0.030459
0.014807
0.037314
0.018266
0.016148
0.031866
0.012710
0.036109
0.030372
0.032952
0.007394
0.029135
0.027866
0.033452
0.029032
0.027588
0.006354
0.012857
0.013981
0.016494
0.024512
0.005972
0.020490
0.016735
0.037492
0.038702
0.015521
0.033222
0.047793
0.045422
0.017325
0.046499
0.053507
0.024881
0.038127
0.032998
0.045148
0.022184
0.031337
0.036505
0.017699
0.025652
0.025872
0.023849
0.032297
0.034535
0.008345
0.019791
0.037277
0.022050
0.021674
0.023330
0.045379
0.010332
0.007319
0.031258
0.036306
0.045948
0.035494
0.027978
0.054158
0.054422
0.023626
0.022431
0.025452
0.036658
0.044296
0.021178
0.017387
0.054193
0.037204
0.033650
0.015392
0.023241
0.018928
0.020912
0.035973
0.014005
0.020034
0.010267
0.044254
0.019728
0.033726
0.019423
0.009906
0.018895
0.010550
0.022328
0.012736
0.023453
0.020516
0.035986
0.023325
0.034988
0.043879
0.019860
0.019539
0.009618
0.019437
0.030440
0.029080
0.023221
0.031581
0.039381
0.030447
0.028921
0.033114
0.017874
0.027056
0.016737
0.030859
0.022874
0.034905
0.030685
0.024842
0.040666
0.023124
0.020561
0.016436
0.026418
0.035887
0.009714
0.039014
0.023207
0.033835
0.012814
0.013405
0.016136
0.017249
0.028347
0.009710
0.013233
0.026344
0.018020
0.019955
0.021981
0.012910
0.044231
0.027344
0.027000
0.027127
0.027866
0.026464
0.022203
0.016016
0.041414
0.018113
0.031665
0.019401
0.029427
0.029698
0.017549
0.021625
0.038968
0.030276
0.018336
0.017417
0.043568
0.040908
0.029297
0.003097
0.024771
0.014492
0.020974
0.009976
0.013775
0.020470
0.013902
0.020533
0.029044
0.029048
0.022812
0.027490
0.027336
0.037422
0.028932
0.022021
0.028485
0.024759
0.032549
0.028405
0.027514
0.013846
0.017327
0.006919
0.024294
0.008678
0.027520
0.008216
0.022992
0.016900
0.006220
0.018638
0.013492
0.028823
0.012672
0.010629
0.020953
0.022512
0.021906
0.024047
0.020790
0.012301
0.008175
0.031616
0.016956
0.013475
0.028502
0.027952
0.023486
0.017527
0.018740
0.018230
0.024979
0.033323
0.030991
0.023959
0.021076
0.018274
0.026462
0.034227
0.016217
0.023141
0.035188
0.016519
0.027533
0.023576
0.020847
0.021035
0.024654
0.025076
0.020250
0.022779
0.034866
0.027983
0.010440
0.020384
0.026534
0.010860
0.004580
0.034336
0.022497
0.016401
0.034198
0.035472
0.028459
0.024287
0.041326
0.028626
0.045186
0.039729
0.009032
0.046913
0.026164
0.019766
0.016646
0.039949
0.024478
0.030788
0.015491
0.038551
0.024263
0.037906
0.043127
0.012260
0.011370
0.024553
0.023855
0.035117
0.035952
0.027466
0.019039
0.028756
0.017731
0.026620
0.025069
0.039925
0.027990
0.030212
0.013293
0.029990
0.005446
0.027147
0.011395
0.019412
0.027228
0.010194
0.016588
0.027237
0.038803
0.032099
0.027388
0.021440
0.018549
0.016792
0.008037
0.017082
0.006217
0.032268
0.023054
0.008163
0.005673
0.038592
0.036792
0.030808
0.033451
0.041355
0.017125
0.018423
0.018353
0.023532
0.029970
0.033627
0.025735
0.009472
0.021650
0.022623
0.031546
0.021172
0.018141
0.033531
0.017157
0.027816
0.027192
0.017889
0.006660
0.014797
0.021546
0.013853
0.017382
0.021288
0.026032
0.010405
0.008472
0.005786
0.025316
0.012710
0.015592
0.042192
0.015415
0.025366
0.018191
0.010001
0.038421
0.027773
0.027165
0.020960
0.010257
0.027643
0.006261
0.020403
0.045319
0.023753
0.037337
0.026921
0.023662
0.036624
0.016895
0.018456
0.018095
0.024520
0.033772
0.032159
0.024951
0.022754
0.018023
0.025873
0.031734
0.015334
0.020796
0.034893
0.018937
0.015748
0.040977
0.047432
0.023410
0.018655
0.036113
0.016350
0.018556
0.016010
0.011279
0.007416
0.020574
0.020096
0.018717
0.009059
0.025754
0.027909
0.021935
0.029328
0.037859
0.013555
0.043578
0.032202
0.040269
0.015351
0.044194
0.043235
0.028966
0.016150
0.026123
0.015403
0.021263
0.015123
0.017023
0.015217
0.020030
0.033088
0.013263
0.010670
0.019464
0.030462
0.022731
0.028845
0.016586
0.030832
0.020976
0.026102
0.020881
0.031324
0.010095
0.039535
0.038722
0.053337
0.029247
0.010760
0.029077
0.040265
0.035654
0.013888
0.012912
0.026459
0.021777
0.017650
0.031905
0.055754
0.041746
0.023571
0.013572
0.036148
0.032929
0.038892
0.032249
0.021148
0.039712
0.040090
0.040674
0.025295
0.023964
0.019460
0.018656
0.027289
0.015306
0.041599
0.021416
0.050717
0.022921
0.034175
0.037256
0.014945
0.025581
0.036963
0.031816
0.011954
0.024278
0.013333
0.039501
0.040676
0.013427
0.029600
0.031758
0.026093
0.009551
0.013873
0.015842
0.033693
0.038132
0.026807
0.025753
0.017430
0.030773
0.023760
0.027814
0.034939
0.033129
0.019245
0.030846
0.016405
0.026978
0.029360
0.015724
0.011117
0.025038
0.041060
0.034218
0.011151
0.034428
0.015322
0.031579
0.023838
0.047190
0.037182
0.025933
0.017339
0.007027
0.042371
0.044233
0.013493
0.034631
0.030007
0.044827
0.036333
0.052139
0.023463
0.026896
0.009989
0.023272
0.040514
0.034669
0.030908
0.031082
0.026124
0.015056
0.012197
0.021193
0.027071
0.018191
0.025883
0.025743
0.012744
0.014039
0.012847
0.025351
0.038698
0.045140
0.033954
0.006100
0.025508
0.028041
0.016962
0.019371
0.024941
0.042059
0.015952
0.012927
0.022221
0.030773
0.027714
0.024480
0.020089
0.015619
0.011684
0.019019
0.015461
0.015163
0.011933
0.013622
0.014564
0.023134
0.011952
0.036308
0.009497
0.019543
0.006494
0.023123
0.031327
0.008868
0.033436
0.026251
0.011164
0.027054
0.008489
0.041829
0.021377
0.009109
0.012043
0.012410
0.030927
0.021449
0.022606
0.025187
0.020473
0.036856
0.010849
0.007817
0.036735
0.029740
0.031971
0.025688
0.021291
0.029844
0.018256
0.019519
0.034171
0.030476
0.035848
0.019063
0.036065
0.027979
0.015122
0.023326
0.012273
0.025026
0.012974
0.026195
0.022824
0.011595
0.017108
0.032842
0.048443
0.042278
0.037023
0.040715
0.040374
0.023892
0.033761
0.007258
0.025685
0.008624
0.024153
0.033850
0.017712
0.034642
0.046872
0.004995
0.051502
0.030764
0.033112
0.044900
0.034999
0.026297
0.042257
0.030981
0.013473
0.015603
0.022189
0.018323
0.020119
0.022344
0.013382
0.012421
0.011832
0.016640
0.027903
0.027017
0.014320
0.032091
0.014277
0.004915
0.053059
0.018919
0.041233
0.045382
0.029842
0.023372
0.038952
0.025442
0.025467
0.017185
0.010058
0.006615
0.040670
0.020689
0.016097
0.037231
0.024210
0.036893
0.008490
0.028415
0.025769
0.030701
0.028538
0.006471
0.016575
0.024484
0.033551
0.015362
0.026845
0.025238
0.026495
0.023315
0.019038
0.036311
0.024542
0.032563
0.037021
0.036751
0.037177
0.023385
0.051496
0.033519
0.040607
0.035303
0.025077
0.030048
0.042775
0.024370
0.021219
0.027819
0.033560
0.015990
0.011027
0.010007
0.022494
0.029475
0.014913
0.026328
0.024631
0.029057
0.005363
0.028405
0.028878
0.014200
0.041618
0.041428
0.025607
0.014948
0.012211
0.009852
0.027330
0.014050
0.023016
0.024750
0.033143
0.011940
0.020409
0.019154
0.037338
0.035634
0.031560
0.033525
0.020433
0.026155
0.029452
0.035677
0.028918
0.014986
0.027223
0.031476
0.013247
0.041723
0.032273
0.021643
0.038898
0.018571
0.017555
0.008667
0.027633
0.031188
0.023346
0.022438
0.027285
0.018744
0.030109
0.025158
0.025239
0.034353
0.031391
0.020760
0.033919
0.041333
0.037434
0.046143
0.009779
0.011087
0.024378
0.019173
0.014331
0.017306
0.012545
0.027434
0.010439
0.023280
0.024354
0.014720
0.025614
0.019096
0.022578
0.009826
0.021184
0.027241
0.031440
0.011367
0.018546
0.039194
0.022849
0.025478
0.037435
0.032106
0.021799
0.024418
0.022653
0.027838
0.027953
0.040777
0.029383
0.035164
0.022541
0.038948
0.044166
0.020184
0.018146
0.037057
0.032966
0.026556
0.018128
0.015764
0.030927
0.021638
0.027942
0.027152
0.033229
0.016747
0.014936
0.019953
0.017192
0.024723
0.023371
0.033875
0.003248
0.019572
0.018875
0.020255
0.041557
0.032215
0.024686
0.037187
0.011161
0.021009
0.054840
0.031581
0.024103
0.013750
0.012969
0.027146
0.037300
0.028253
0.049498
0.052415
0.034591
0.048736
0.027545
0.024484
0.037344
0.031632
0.017556
0.019809
0.022326
0.026244
0.014054
0.037227
0.012402
0.022823
0.014264
0.036802
0.021915
0.034397
0.012429
0.025644
0.017120
0.028172
0.014960
0.038514
0.033011
0.043960
0.020468
0.038125
0.049007
0.023086
0.018176
0.023337
0.027990
0.028521
0.040242
0.008487
0.005221
0.021013
0.033394
0.036632
0.022326
0.044235
0.043039
0.018703
0.023073
0.023116
0.031183
0.020301
0.035091
0.025832
0.014193
0.026297
0.048344
0.022760
0.017759
0.045878
0.027265
0.038735
0.035739
0.026571
0.020123
0.028842
0.036749
0.019083
0.035284
0.030952
0.015473
0.018247
0.015340
0.010574
0.012176
0.036878
0.047365
0.029228
0.032820
0.036681
0.009250
0.024728
0.019668
0.026942
0.012671
0.034212
0.024744
0.031939
0.024346
0.021478
0.012726
0.026977
0.023970
0.027047
0.016350
0.014752
0.018664
0.019426
0.018800
0.028153
0.023514
0.031054
0.014215
0.009693
0.022921
0.013571
0.022674
0.019697
0.017671
0.022854
0.006860
0.017311
0.019678
0.015636
0.020798
0.019229
0.020372
0.031952
0.009416
0.030947
0.004536
0.032515
0.019117
0.032233
0.025032
0.042322
0.029616
0.026162
0.022562
0.020920
0.016009
0.030053
0.006820
0.038617
0.030213
0.017704
0.043653
0.039986
0.030033
0.003541
0.024852
0.042486
0.014284
0.021337
0.029704
0.010091
0.015278
0.021138
0.027777
0.022742
0.019976
0.027858
0.022266
0.019114
0.026383
0.025740
0.024095
0.016479
0.027419
0.013175
0.010375
0.036279
0.035463
0.028570
0.019452
0.031001
0.024266
0.014490
0.016710
0.028453
0.034207
0.013312
0.012774
0.013692
0.010979
0.024907
0.009350
0.022091
0.011603
0.032130
0.047130
0.023643
0.023602
0.020344
0.015928
0.032634
0.031768
0.047189
0.043752
0.028593
0.035420
0.009255
0.029295
0.031208
0.037900
0.025421
0.023027
0.003710
0.027820
0.011705
0.015611
0.032063
0.017012
0.041003
0.027002
0.026007
0.014743
0.017375
0.021762
0.019916
0.016950
0.010594
0.019318
0.029309
0.019587
0.028249
0.020459
0.023453
0.020520
0.019215
0.017913
0.010303
0.052180
0.009023
0.012320
0.029271
0.031797
0.026862
0.015662
0.025419
0.012306
0.029147
0.016100
0.038297
0.038255
0.008309
0.010112
0.019956
0.038424
0.035350
0.017451
0.020899
0.012358
0.010785
0.014773
0.030716
0.014749
0.050615
0.012129
0.034020
0.021019
0.023265
0.016800
0.027890
0.028604
0.018285
0.018275
0.015940
0.020072
0.018477
0.019250
0.013372
0.033820
0.012640
0.025079
0.020100
0.035832
0.036453
0.015583
0.023152
0.038507
0.025071
0.010802
0.034470
0.007639
0.012021
0.042314
0.020424
0.018807
0.019989
0.019480
0.033797
0.016567
0.053249
0.027616
0.014023
0.034601
0.032471
0.020745
0.037047
0.023525
0.027322
0.025894
0.017187
0.030825
0.026599
0.014768
0.021691
0.024243
0.023458
0.023754
0.023201
0.031456
0.021739
0.022014
0.024247
0.021022
0.023018
0.021068
0.024198
0.017594
0.033403
0.026604
0.013331
0.032526
0.010670
0.027987
0.014700
0.025579
0.028050
0.033466
0.032292
0.024996
0.011877
0.010102
0.015329
0.004534
0.013293
0.005853
0.019117
0.026514
0.027112
0.040140
0.016469
0.019083
0.028773
0.018480
0.027528
0.016456
0.041496
0.029194
0.016567
0.012800
0.028980
0.018378
0.027068
0.032281
0.020933
0.017694
0.012838
0.020428
0.007234
0.015361
0.024279
0.033097
0.033606
0.026637
0.031971
0.033435
0.030523
0.026952
0.022699
0.029694
0.027441
0.019954
0.021370
0.027887
0.022270
0.014330
0.012354
0.026961
0.014152
0.036880
0.030624
0.050846
0.006081
0.021658
0.017128
0.023990
0.019496
0.013032
0.032092
0.008973
0.023444
0.030003
0.012993
0.042029
0.036859
0.025278
0.025495
0.005663
0.009532
0.023575
0.011021
0.026662
0.025042
0.017311
0.016845
0.025666
0.028749
0.012209
0.020891
0.025968
0.023276
0.038579
0.029260
0.012741
0.032479
0.026477
0.004000
0.018972
0.023343
0.010032
0.006926
0.022510
0.031287
0.025833
0.027969
0.047511
0.041988
0.038192
0.027886
0.030790
0.029565
0.032974
0.031065
0.025973
0.028099
0.016213
0.011199
0.018366
0.011963
0.028905
0.033632
0.045310
0.022903
0.021084
0.041573
0.017611
0.013167
0.005340
0.016115
0.022693
0.027457
0.038972
0.006285
0.017221
0.020695
0.017823
0.018213
0.015261
0.017421
0.024300
0.030477
0.018377
0.023278
0.016130
0.019966
0.009805
0.036398
0.012408
0.015890
0.018100
0.011409
0.013937
0.033631
0.012494
0.025520
0.016438
0.015823
0.014338
0.056051
0.023585
0.026600
0.024227
0.040693
0.010933
0.025313
0.029631
0.028053
0.040121
0.023495
0.010348
0.019224
0.023618
0.019455
0.027568
0.026166
0.017897
0.028166
0.050799
0.027417
0.026473
0.019324
0.012458
0.007556
0.027701
0.019974
0.020599
0.020527
0.038410
0.015894
0.019406
0.013143
0.007575
0.008635
0.016986
0.010746
0.030236
0.035375
0.033578
0.037881
0.033492
0.019428
0.007933
0.044053
0.030768
0.017086
0.014696
0.030201
0.033168
0.036394
0.010808
0.027425
0.031447
0.015256
0.010157
0.014070
0.016329
0.026152
0.018477
0.017535
0.018226
0.031742
0.020678
0.019330
0.021648
0.022365
0.018488
0.028752
0.040767
0.010651
0.026297
0.036772
0.053977
0.030318
0.043220
0.037306
0.043433
0.013687
0.021250
0.020484
0.028989
0.032250
0.010620
0.041276
0.032416
0.038547
0.019059
0.024020
0.017295
0.030667
0.022448
0.034239
0.038752
0.055365
0.030610
0.017998
0.037757
0.033740
0.023818
0.012223
0.020366
0.051535
0.015802
0.011650
0.034191
0.037467
0.047094
0.030712
0.018290
0.023597
0.023762
0.042294
0.024406
0.017978
0.027103
0.018514
0.019845
0.024485
0.024385
0.029756
0.041630
0.011041
0.025545
0.019917
0.030894
0.021208
0.009623
0.013086
0.010793
0.036256
0.032177
0.036418
0.024394
0.030417
0.028784
0.019083
0.050045
0.028334
0.037117
0.034002
0.029013
0.044494
0.011448
0.038158
0.020813
0.021526
0.005827
0.028358
0.027227
0.020818
0.013884
0.017181
0.023388
0.017756
0.043768
0.021995
0.029660
0.014961
0.031046
0.020063
0.028324
0.023327
0.021129
0.019999
0.024207
0.006935
0.026571
0.020399
0.028192
0.029579
0.035064
0.020881
0.014049
0.025440
0.014456
0.030949
0.006970
0.014060
0.040529
0.039097
0.039963
0.010728
0.036584
0.032131
0.015851
0.032014
0.020201
0.026582
0.037057
0.014582
0.010818
0.021946
0.028259
0.031344
0.016145
0.027686
0.022013
0.021998
0.037729
0.017825
0.025754
0.028981
0.028090
0.050690
0.030643
0.023437
0.015900
0.015181
0.023220
0.017960
0.024447
0.021131
0.015892
0.031757
0.021517
0.030153
0.044190
0.013548
0.016260
0.041110
0.040446
0.048164
0.036312
0.031409
0.026720
0.013514
0.015750
0.037030
0.022041
0.043480
0.014246
0.025578
0.023899
0.023575
0.014696
0.014987
0.018004
0.011272
0.016759
0.032878
0.014718
0.006985
0.021318
0.019290
0.014022
0.024947
0.012864
0.021327
0.025088
0.012332
0.033195
0.038084
0.014848
0.017380
0.017758
0.020685
0.047606
0.036792
0.049373
0.056577
0.041998
0.018112
0.029960
0.028861
0.048942
0.007320
0.049838
0.030033
0.035393
0.014747
0.023746
0.038589
0.033536
0.043989
0.025369
0.037061
0.035676
0.033593
0.027410
0.013142
0.012375
0.028769
0.027778
0.014304
0.031707
0.023655
0.014895
0.022980
0.021042
0.020510
0.009874
0.029292
0.016505
0.023099
0.030292
0.019642
0.032245
0.015817
0.016591
0.019223
0.026586
0.028651
0.031508
0.027229
0.028801
0.027181
0.016280
0.033024
0.012012
0.036161
0.027742
0.030179
0.026230
0.039404
0.035096
0.026255
0.020225
0.023097
0.025879
0.032037
0.021480
0.016701
0.046338
0.044143
0.009080
0.024744
0.046379
0.011713
0.024586
0.021528
0.020556
0.011136
0.028540
0.031608
0.025578
0.026139
0.009779
0.031018
0.020635
0.011395
0.027969
0.027481
0.019617
0.028191
0.015529
0.041031
0.036646
0.025537
0.034422
0.031632
0.015459
0.024760
0.017709
0.015716
0.033327
0.027259
0.020043
0.010312
0.026715
0.030239
0.019746
0.019814
0.019724
0.037599
0.030171
0.020795
0.033907
0.042604
0.013998
0.037057
0.027041
0.027823
0.016393
0.017391
0.013105
0.013078
0.018086
0.026724
0.018967
0.034870
0.021369
0.025857
0.043487
0.029155
0.035721
0.016843
0.025586
0.025104
0.025436
0.008160
0.012948
0.006645
0.017319
0.006990
0.029930
0.019555
0.009959
0.007448
0.026033
0.017073
0.023283
0.040696
0.020074
0.028153
0.016133
0.027243
0.010016
0.031900
0.030039
0.016268
0.027470
0.019576
0.014663
0.028427
0.037438
0.038676
0.023636
0.026800
0.035974
0.011229
0.039114
0.017750
0.014208
0.013211
0.017713
0.021655
0.012624
0.022570
0.027904
0.028440
0.013743
0.030648
0.012545
0.028122
0.030422
0.032772
0.038246
0.040675
0.043620
0.032347
0.051425
0.025939
0.030901
0.037048
0.045211
0.036613
0.024202
0.039633
0.028154
0.019741
0.006442
0.029373
0.028608
0.014338
0.014946
0.025144
0.035514
0.030709
0.062932
0.017654
0.040794
0.072943
0.037238
0.049048
0.031132
0.035487
0.027813
0.028057
0.026606
0.022455
0.015994
0.009987
0.029135
0.014901
0.029912
0.025779
0.049959
0.020056
0.021335
0.038274
0.018312
0.019456
0.038109
0.056659
0.032105
0.026113
0.042098
0.016424
0.040013
0.021854
0.032376
0.050517
0.025735
0.018310
0.029797
0.023682
0.021216
0.028184
0.019386
0.017782
0.012200
0.021365
0.017200
0.026100
0.034614
0.029013
0.046093
0.028635
0.019314
0.032242
0.038897
0.035779
0.051521
0.023619
0.017480
0.024094
0.018744
0.027492
0.038651
0.015420
0.041146
0.032649
0.038942
0.019094
0.023913
0.017229
0.030491
0.022553
0.034177
0.038833
0.055487
0.030838
0.018001
0.037739
0.033854
0.023738
0.012272
0.020492
0.051113
0.015859
0.011643
0.034262
0.037452
0.046923
0.030623
0.018218
0.023571
0.024001
0.042285
0.024361
0.030071
0.028305
0.027016
0.024723
0.031880
0.016265
0.012883
0.011734
0.016747
0.013579
0.021828
0.010240
0.023940
0.022484
0.040720
0.026851
0.051277
0.030533
0.036724
0.029046
0.009762
0.028443
0.010337
0.026456
0.020848
0.013811
0.025184
0.019900
0.025449
0.027531
0.014381
0.010189
0.041391
0.006674
0.025038
0.014535
0.041449
0.021327
0.029815
0.026716
0.032030
0.038794
0.026843
0.016771
0.001801
0.032397
0.022615
0.023139
0.015816
0.016662
0.024273
0.026327
0.023583
0.030308
0.041028
0.034934
0.026253
0.010104
0.041288
0.025246
0.016312
0.023559
0.034990
0.007903
0.020441
0.039923
0.004222
0.028626
0.031006
0.026154
0.038050
0.030119
0.021733
0.044784
0.023144
0.012189
0.020490
0.030963
0.031376
0.022009
0.036597
0.026879
0.028984
0.012461
0.025728
0.033403
0.026211
0.026164
0.034334
0.018771
0.022223
0.028648
0.021754
0.014807
0.024223
0.012283
0.019891
0.011719
0.035145
0.027590
0.020046
0.024259
0.040045
0.028485
0.030495
0.034694
0.020128
0.017916
0.032485
0.027993
0.034850
0.044242
0.019691
0.042395
0.023099
0.014975
0.020227
0.036514
0.029509
0.026514
0.039540
0.025718
0.024218
0.036785
0.046757
0.021656
0.024105
0.015843
0.029512
0.023058
0.019132
0.032940
0.038042
0.031681
0.018355
0.025310
0.020231
0.029814
0.024423
0.034967
0.013345
0.034281
0.037508
0.028755
0.016792
0.026993
0.014772
0.015906
0.015273
0.034967
0.036032
0.032164
0.038418
0.013744
0.021394
0.045162
0.035099
0.029046
0.033379
0.026843
0.023880
0.017536
0.016663
0.034465
0.021772
0.019087
0.014029
0.013721
0.024631
0.034273
0.015597
0.030555
0.042515
0.013445
0.011386
0.030620
0.021556
0.017894
0.025412
0.007586
0.018714
0.024338
0.018817
0.023622
0.020137
0.025161
0.020904
0.018125
0.012046
0.012405
0.033979
0.033851
0.014424
0.023737
0.044151
0.020398
0.032182
0.029772
0.027575
0.033916
0.029967
0.022820
0.029890
0.015020
0.017503
0.028932
0.011901
0.035193
0.023067
0.017961
0.028877
0.043586
0.033168
0.012854
0.026260
0.014606
0.043756
0.041566
0.013575
0.031887
0.032962
0.022271
0.016349
0.043854
0.024540
0.009173
0.059582
0.014824
0.015117
0.033165
0.024122
0.028036
0.025434
0.027160
0.023951
0.024038
0.039014
0.068828
0.017649
0.030925
0.044115
0.034807
0.033124
0.012011
0.025343
0.030169
0.018661
0.027417
0.020434
0.013375
0.009856
0.013788
0.033776
0.030716
0.021706
0.037691
0.042917
0.028925
0.025617
0.011455
0.002516
0.026751
0.003350
0.017939
0.042490
0.016824
0.025891
0.011180
0.021950
0.030785
0.014485
0.029869
0.009689
0.029653
0.010171
0.036763
0.038534
0.035671
0.032819
0.043417
0.035816
0.048123
0.011858
0.032336
0.021941
0.012734
0.011028
0.012945
0.019544
0.015687
0.011174
0.017336
0.019647
0.017681
0.016975
0.021709
0.036003
0.026490
0.033489
0.038781
0.019448
0.019746
0.035308
0.010861
0.026325
0.028434
0.025369
0.009515
0.011474
0.046623
0.036588
0.037073
0.023702
0.022677
0.008532
0.012765
0.030343
0.023167
0.026651
0.022829
0.030647
0.014878
0.031320
0.018365
0.020839
0.024004
0.026436
0.011408
0.026690
0.012718
0.020905
0.028937
0.017031
0.029963
0.014254
0.043338
0.012782
0.023080
0.017324
0.016919
0.013256
0.015356
0.022557
0.021998
0.017438
0.010900
0.015343
0.018673
0.026379
0.025417
0.027009
0.024221
0.028077
0.014431
0.040652
0.039807
0.034346
0.014936
0.020345
0.030826
0.013877
0.029047
0.031131
0.023913
0.014727
0.029392
0.022613
0.024963
0.026717
0.040439
0.032638
0.024559
0.039068
0.054519
0.037296
0.028204
0.023162
0.013949
0.014225
0.012915
0.014791
0.023975
0.028483
0.015599
0.024726
0.020596
0.020963
0.020352
0.049842
0.017781
0.025692
0.025904
0.023681
0.032383
0.029340
0.008803
0.013037
0.009201
0.024586
0.032791
0.027906
0.004195
0.020712
0.005132
0.051120
0.011968
0.033648
0.036740
0.015776
0.038095
0.037735
0.039170
0.023372
0.034677
0.009256
0.038549
0.030398
0.032636
0.042740
0.055153
0.047644
0.044551
0.057291
0.069332
0.065820
0.017735
0.034613
0.020828
0.022173
0.029629
0.042090
0.019678
0.018809
0.036425
0.030958
0.025928
0.017274
0.016696
0.032852
0.021703
0.029103
0.027140
0.032554
0.016650
0.014930
0.040927
0.019902
0.016979
0.024141
0.017727
0.015007
0.004770
0.041942
0.032930
0.037610
0.067275
0.025221
0.014646
0.034991
0.055706
0.014878
0.016983
0.008482
0.029364
0.036899
0.051085
0.027120
0.031306
0.012904
0.030570
0.025362
0.034991
0.026113
0.042964
0.020083
0.016426
0.042163
0.021646
0.032994
0.049166
0.023061
0.017042
0.009754
0.005161
0.025761
0.016942
0.035421
0.014728
0.029442
0.023445
0.017837
0.044001
0.037212
0.040963
0.015178
0.024833
0.019146
0.019657
0.009614
0.024543
0.024834
0.025663
0.028185
0.024936
0.049063
0.031175
0.025266
0.017910
0.034948
0.034650
0.037450
0.032096
0.027300
0.038906
0.014277
0.028379
0.043189
0.033285
0.022491
0.029700
0.005553
0.031879
0.039836
0.026474
0.030771
0.021819
0.014017
0.005371
0.020019
0.024872
0.037732
0.021277
0.012743
0.035410
0.026490
0.019845
0.021349
0.020397
0.016633
0.007424
0.054778
0.010161
0.011271
0.027703
0.027870
0.024548
0.032653
0.026262
0.015704
0.022823
0.010644
0.032187
0.038555
0.038336
0.013254
0.015635
0.022854
0.017876
0.020563
0.015973
0.010460
0.014986
0.018618
0.027782
0.024283
0.028162
0.014576
0.040918
0.014529
0.029802
0.016945
0.026358
0.022797
0.004307
0.021321
0.015163
0.022012
0.037200
0.020908
0.022089
0.027145
0.018604
0.013099
0.029098
0.027323
0.013548
0.018746
0.019279
0.022798
0.025617
0.028841
0.032467
0.043664
0.056595
0.039034
0.017214
0.027185
0.024329
0.017974
0.011943
0.020390
0.006742
0.014267
0.011187
0.035047
0.036376
0.032091
0.037013
0.015710
0.023962
0.020116
0.013628
0.023420
0.011153
0.018419
0.026880
0.027947
0.026476
0.020045
0.035741
0.022015
0.030358
0.019371
0.027419
0.026854
0.033205
0.010459
0.019227
0.021023
0.031108
0.024583
0.027850
0.018390
0.032390
0.023083
0.031863
0.035205
0.031902
0.030199
0.021428
0.022284
0.035759
0.027511
0.020277
0.042963
0.028158
0.014291
0.010515
0.041044
0.013089
0.026148
0.016139
0.040710
0.011537
0.019872
0.013231
0.020061
0.036945
0.027340
0.028560
0.037138
0.039587
0.046772
0.033191
0.022716
0.011452
0.011308
0.013148
0.034482
0.012433
0.026389
0.016557
0.014744
0.026645
0.010391
0.025295
0.029998
0.039992
0.023417
0.010249
0.030703
0.028749
0.027286
0.036146
0.029158
0.012623
0.040522
0.015956
0.017926
0.014571
0.018792
0.025443
0.039336
0.027294
0.042299
0.041474
0.027745
0.021746
0.037808
0.034627
0.015272
0.015470
0.010039
0.037438
0.030974
0.021327
0.007474
0.018935
0.036808
0.030942
0.018078
0.020068
0.012515
0.015094
0.031898
0.013350
0.049250
0.011057
0.033487
0.021575
0.028179
0.003689
0.015530
0.025501
0.012225
0.006958
0.018226
0.020928
0.032067
0.020087
0.028311
0.044745
0.039367
0.039177
0.040570
0.014070
0.025611
0.031325
0.036027
0.016119
0.024638
0.025932
0.020512
0.039366
0.023065
0.027075
0.010711
0.020834
0.024598
0.019371
0.021374
0.024087
0.028388
0.023171
0.020736
0.032727
0.018464
0.017946
0.018705
0.034076
0.013601
0.048205
0.034123
0.035974
0.037754
0.049804
0.033829
0.013893
0.039840
0.031259
0.019444
0.020679
0.045542
0.033157
0.030559
0.009196
0.015514
0.039108
0.024283
0.005889
0.012192
0.035239
0.017736
0.021121
0.038024
0.033806
0.038590
0.036974
0.053072
0.026998
0.045710
0.041431
0.030974
0.038170
0.007980
0.023354
0.013591
0.028680
0.006484
0.016970
0.015059
0.037055
0.049871
0.031285
0.030391
0.028525
0.034704
0.031672
0.022490
0.016570
0.027170
0.017442
0.013321
0.020505
0.018926
0.044137
0.009146
0.029029
0.023905
0.023550
0.031136
0.044434
0.048758
0.009293
0.011172
0.027331
0.018090
0.034782
0.013713
0.046819
0.041552
0.014919
0.033221
0.026191
0.013057
0.039186
0.032906
0.023028
0.039591
0.003608
0.018286
0.029499
0.034280
0.047428
0.020825
0.017899
0.039583
0.022100
0.027534
0.033949
0.013547
0.026990
0.023285
0.037656
0.014190
0.027579
0.015525
0.025567
0.038884
0.045078
0.037379
0.033335
0.006001
0.025596
0.027909
0.015839
0.008688
0.018894
0.025292
0.041457
0.013165
0.030946
0.027649
0.024002
0.019803
0.015786
0.030087
0.018523
0.015420
0.007949
0.008148
0.032244
0.012318
0.043957
0.016839
0.045877
0.041833
0.029520
0.015903
0.019261
0.014499
0.024128
0.024936
0.017732
0.023819
0.025929
0.034394
0.009255
0.013293
0.020504
0.011074
0.018700
0.028111
0.036188
0.016943
0.013601
0.023171
0.016812
0.030925
0.010799
0.014044
0.022852
0.015900
0.010622
0.003999
0.002898
0.035423
0.004767
0.011968
0.027372
0.031040
0.020203
0.014619
0.018480
0.027854
0.013063
0.007077
0.012732
0.019273
0.019491
0.021587
0.037084
0.027952
0.002551
0.023354
0.018604
0.016132
0.009728
0.028249
0.025901
0.030359
0.023327
0.016734
0.018485
0.035094
0.035580
0.028569
0.027554
0.023732
0.024377
0.020860
0.020588
0.024761
0.025161
0.040953
0.020267
0.012660
0.022768
0.026475
0.034707
0.027680
0.010457
0.019921
0.026470
0.010928
0.005237
0.028725
0.034340
0.022341
0.016570
0.034140
0.011077
0.004458
0.011790
0.006578
0.024070
0.019648
0.030818
0.020127
0.031628
0.013452
0.024330
0.021651
0.019335
0.026306
0.021528
0.010689
0.034234
0.020685
0.033318
0.011324
0.020036
0.019941
0.014004
0.028829
0.024435
0.022869
0.014901
0.019505
0.026714
0.016739
0.046484
0.038401
0.018225
0.035662
0.016539
0.032387
0.025644
0.017282
0.020216
0.010048
0.036118
0.013387
0.026630
0.041064
0.036218
0.025082
0.032928
0.020110
0.013356
0.019294
0.055508
0.015487
0.011326
0.033351
0.023214
0.017391
0.026945
0.023745
0.015422
0.013554
0.026511
0.052533
0.021334
0.020497
0.022350
0.024622
0.031756
0.022064
0.016350
0.047083
0.044676
0.009029
0.038793
0.025317
0.022746
0.020817
0.011374
0.028751
0.030837
0.025167
0.027767
0.009692
0.032539
0.020124
0.011521
0.027903
0.027344
0.019149
0.037600
0.027341
0.014996
0.040594
0.036262
0.024854
0.034468
0.031834
0.038143
0.007924
0.025717
0.017059
0.026303
0.027510
0.019808
0.017766
0.008489
0.028624
0.039350
0.014793
0.030582
0.042380
0.014402
0.030088
0.037096
0.031495
0.016323
0.021556
0.029825
0.024594
0.022201
0.024482
0.008033
0.011155
0.008565
0.030225
0.040832
0.017564
0.012421
0.027403
0.017816
0.009490
0.031447
0.026333
0.034551
0.006186
0.017800
0.052584
0.032119
0.012413
0.013418
0.044130
0.031372
0.026517
0.033122
0.042548
0.036672
0.019506
0.032349
0.026554
0.009071
0.034270
0.016108
0.005174
0.023843
0.017359
0.011404
0.023518
0.011444
0.029630
0.033507
0.038423
0.047589
0.023879
0.029883
0.033607
0.011365
0.020707
0.036325
0.004836
0.020029
0.036768
0.006212
0.028955
0.019778
0.019566
0.012474
0.035909
0.009054
0.028135
0.043512
0.032608
0.033339
0.029718
0.026047
0.040699
0.022777
0.026962
0.017100
0.015199
0.016818
0.027294
0.023663
0.026139
0.023409
0.027053
0.034589
0.019075
0.017015
0.018510
0.022244
0.021611
0.022090
0.012293
0.014954
0.016776
0.018801
0.037692
0.027073
0.019824
0.034014
0.020696
0.019068
0.008541
0.017208
0.030833
0.016513
0.022593
0.019087
0.030851
0.033662
0.011391
0.015633
0.032951
0.012639
0.023543
0.016135
0.013756
0.013837
0.053359
0.023775
0.024322
0.041815
0.011331
0.025372
0.028190
0.032792
0.028004
0.029367
0.024074
0.010350
0.029725
0.026653
0.028810
0.031894
0.031216
0.018358
0.020111
0.009528
0.015212
0.024137
0.017206
0.010627
0.012275
0.007237
0.030153
0.022940
0.034391
0.016541
0.006806
0.017819
0.020594
0.019289
0.032363
0.022959
0.018509
0.031730
0.018775
0.027961
0.021677
0.025169
0.032788
0.025961
0.022586
0.031040
0.026594
0.012622
0.032114
0.012923
0.032034
0.018569
0.026931
0.019328
0.016252
0.010492
0.035925
0.035879
0.018245
0.037964
0.034234
0.038206
0.050196
0.040645
0.004545
0.034123
0.018938
0.022832
0.030538
0.020242
0.027598
0.023802
0.025526
0.030158
0.018327
0.028544
0.017648
0.023000
0.014709
0.009263
0.017891
0.025461
0.021380
0.022900
0.021153
0.021178
0.013117
0.020060
0.040748
0.024903
0.030211
0.029957
0.034259
0.010143
0.020663
0.017748
0.039936
0.018663
0.021578
0.026364
0.027034
0.025596
0.015925
0.016731
0.008364
0.024556
0.027994
0.028175
0.021314
0.027124
0.025138
0.033266
0.029667
0.034277
0.020205
0.023891
0.014262
0.021342
0.017815
0.031152
0.012141
0.020370
0.026195
0.018336
0.031356
0.024509
0.021373
0.029113
0.019382
0.013695
0.018333
0.016912
0.027016
0.034974
0.024818
0.039909
0.042027
0.024013
0.028356
0.019132
0.031249
0.038114
0.035341
0.050378
0.022724
0.016857
0.022327
0.017108
0.027288
0.024926
0.038347
0.015456
0.022149
0.044610
0.040246
0.048164
0.029583
0.043728
0.042134
0.022507
0.017838
0.014223
0.012152
0.015595
0.033185
0.022836
0.021975
0.036360
0.048428
0.016311
0.009494
0.015872
0.021776
0.032545
0.030512
0.020379
0.030324
0.014194
0.016175
0.013543
0.022139
0.014981
0.037423
0.018144
0.028677
0.026543
0.029758
0.016845
0.033204
0.006895
0.035548
0.010881
0.037448
0.036277
0.010609
0.033684
0.026027
0.038387
0.021700
0.022661
0.028068
0.028066
0.041069
0.030819
0.032854
0.056018
0.035726
0.033948
0.045337
0.035732
0.013976
0.027097
0.007275
0.019981
0.053148
0.036448
0.054268
0.021202
0.024727
0.014248
0.044172
0.010125
0.007596
0.030870
0.023183
0.011319
0.015121
0.004527
0.037148
0.023054
0.008652
0.023332
0.013245
0.020184
0.010443
0.024922
0.025551
0.022446
0.032443
0.012258
0.040780
0.015381
0.006387
0.037287
0.022983
0.027994
0.013468
0.029888
0.022676
0.021141
0.019081
0.010410
0.023545
0.024255
0.041850
0.021811
0.028525
0.022523
0.023921
0.020417
0.017552
0.029736
0.018147
0.027362
0.008494
0.045792
0.021426
0.041552
0.029283
0.033128
0.034089
0.029788
0.044455
0.027890
0.023072
0.015144
0.021866
0.017922
0.011133
0.026619
0.019509
0.033248
0.010681
0.018079
0.036940
0.024853
0.026364
0.033613
0.025933
0.032460
0.021432
0.018120
0.027956
0.021920
0.027628
0.012045
0.022917
0.015310
0.014989
0.025644
0.012173
0.013130
0.021958
0.020457
0.017412
0.021153
0.029033
0.013928
0.030994
0.020063
0.021170
0.017497
0.023190
0.034534
0.023252
0.026976
0.034355
0.030484
0.037399
0.028898
0.021126
0.020558
0.010267
0.013200
0.043045
0.033042
0.026316
0.026316
0.036502
0.035979
0.015042
0.020363
0.033805
0.021167
0.016380
0.010188
0.033426
0.023564
0.039969
0.014473
0.033002
0.035651
0.013811
0.043129
0.028470
0.014709
0.024111
0.025030
0.030320
0.013690
0.017051
0.021493
0.008627
0.013862
0.039426
0.020877
0.011986
0.027343
0.015280
0.016401
0.011050
0.018450
0.006551
0.003030
0.004557
0.016658
0.011460
0.026177
0.025659
0.025552
0.024691
0.018693
0.015689
0.009977
0.016633
0.024126
0.028937
0.025812
0.011600
0.014063
0.028204
0.047375
0.028518
0.023468
0.020479
0.045525
0.026395
0.028931
0.015766
0.025897
0.024616
0.019231
0.030035
0.025246
0.012602
0.022316
0.017631
0.006681
0.029243
0.023833
0.029658
0.019406
0.015019
0.020587
0.035613
0.037192
0.012198
0.024173
0.026796
0.029745
0.032453
0.023848
0.014196
0.012973
0.054379
0.032474
0.029496
0.021166
0.014847
0.043870
0.022408
0.031520
0.026712
0.013293
0.003078
0.016379
0.028168
0.012070
0.015049
0.023475
0.013147
0.019831
0.017957
0.023591
0.016117
0.025701
0.012463
0.022107
0.026135
0.020211
0.023170
0.025613
0.032188
0.021585
0.016752
0.046225
0.043861
0.024654
0.046134
0.011709
0.024582
0.021338
0.020519
0.011173
0.028537
0.031333
0.025575
0.025912
0.009634
0.031005
0.020564
0.011368
0.028031
0.027679
0.019690
0.028339
0.015604
0.041114
0.036653
0.025462
0.034390
0.031595
0.046113
0.029978
0.020087
0.055933
0.026655
0.020210
0.017109
0.041590
0.031664
0.024044
0.010634
0.018961
0.038972
0.049685
0.020744
0.019764
0.014433
0.032619
0.032789
0.044597
0.027000
0.019434
0.025973
0.019453
0.028055
0.027412
0.027981
0.027582
0.029848
0.035032
0.037906
0.027505
0.010608
0.012731
0.017159
0.024174
0.013403
0.028205
0.036517
0.012873
0.023811
0.008880
0.011771
0.026085
0.018504
0.021838
0.033539
0.033155
0.035558
0.028148
0.020988
0.012104
0.005649
0.022228
0.017024
0.005198
0.006022
0.011399
0.019355
0.018118
0.028871
0.028211
0.037620
0.027999
0.028228
0.015096
0.012927
0.026418
0.028759
0.015129
0.016247
0.022244
0.034395
0.040185
0.021157
0.028287
0.025714
0.016853
0.042279
0.010496
0.022950
0.018991
0.010886
0.019121
0.029550
0.025323
0.025540
0.032058
0.020325
0.031720
0.025915
0.022818
0.015909
0.026088
0.018579
0.022626
0.022038
0.042734
0.013644
0.023733
0.008439
0.012644
0.023586
0.012507
0.022437
0.010575
0.006494
0.017205
0.011576
0.026089
0.017834
0.021280
0.013098
0.028177
0.018762
0.035945
0.014073
0.039958
0.032715
0.041039
0.017537
0.014202
0.024648
0.011998
0.016987
0.016848
0.015332
0.010124
0.024928
0.030198
0.009149
0.009598
0.041959
0.016516
0.041891
0.025299
0.014820
0.017839
0.029468
0.024759
0.025306
0.013903
0.032896
0.031550
0.037291
0.004361
0.019483
0.038380
0.029734
0.028494
0.020145
0.035444
0.021094
0.020196
0.004533
0.007482
0.020622
0.025843
0.026661
0.023669
0.018354
0.026005
0.032261
0.009565
0.044759
0.029463
0.027776
0.032064
0.013671
0.041074
0.018592
0.030436
0.018745
0.018953
0.028040
0.022531
0.032751
0.036972
0.012690
0.032650
0.044675
0.012499
0.027735
0.027177
0.017874
0.028827
0.014162
0.018028
0.007964
0.014238
0.012794
0.034890
0.036175
0.032121
0.037544
0.025820
0.029212
0.053339
0.038874
0.016852
0.032371
0.003980
0.019248
0.018723
0.022048
0.032522
0.036059
0.011890
0.015007
0.005941
0.014383
0.013904
0.026424
0.027309
0.039596
0.032992
0.046855
0.028023
0.056311
0.033165
0.036045
0.050507
0.049204
0.011168
0.024856
0.019555
0.006588
0.014234
0.018516
0.010680
0.014051
0.017363
0.014374
0.014665
0.025606
0.025782
0.013168
0.019367
0.021314
0.018717
0.030565
0.021065
0.006874
0.025666
0.024770
0.020140
0.008599
0.019811
0.025136
0.029475
0.027514
0.031509
0.036550
0.040674
0.021363
0.032927
0.018494
0.030308
0.037118
0.037218
0.031305
0.021236
0.020101
0.018855
0.007847
0.034613
0.031808
0.034365
0.051731
0.023048
0.010170
0.017573
0.006746
0.012076
0.032982
0.028691
0.048414
0.032679
0.025438
0.016817
0.021529
0.038203
0.037357
0.045804
0.043996
0.039288
0.027255
0.027524
0.034221
0.033063
0.018879
0.016079
0.026533
0.012754
0.026250
0.034242
0.026740
0.006981
0.013948
0.008509
0.016127
0.006209
0.026616
0.011870
0.007321
0.018788
0.020314
0.013747
0.017136
0.010151
0.014609
0.020150
0.018886
0.020004
0.007186
0.020370
0.015967
0.026391
0.053136
0.041624
0.033146
0.034160
0.039409
0.036845
0.032663
0.028962
0.028090
0.034792
0.034916
0.028822
0.025356
0.016686
0.021287
0.017135
0.011439
0.028837
0.022914
0.017446
0.019058
0.019637
0.024902
0.032315
0.031442
0.034596
0.021951
0.017971
0.027770
0.036270
0.018347
0.023033
0.036097
0.035285
0.017621
0.021972
0.025019
0.022184
0.018511
0.020642
0.024918
0.016701
0.024937
0.036736
0.017953
0.016685
0.012531
0.019059
0.023850
0.031612
0.015087
0.013701
0.041966
0.013290
0.010508
0.020517
0.019909
0.028309
0.012769
0.030917
0.024793
0.018613
0.017874
0.041246
0.023199
0.026115
0.017560
0.020806
0.028196
0.007436
0.037990
0.038016
0.038380
0.010053
0.017316
0.029160
0.019394
0.021687
0.029738
0.033546
0.035258
0.033142
0.028761
0.029874
0.036608
0.030138
0.030374
0.014317
0.033008
0.017212
0.013356
0.020984
0.028446
0.032918
0.030512
0.024588
0.014235
0.026488
0.046790
0.007222
0.015009
0.017396
0.025005
0.017056
0.021664
0.031265
0.015861
0.031074
0.013435
0.023483
0.011257
0.014372
0.015401
0.020445
0.020744
0.014824
0.004400
0.022049
0.025456
0.032230
0.027732
0.011960
0.025935
0.014206
0.022432
0.009744
0.049081
0.021057
0.023863
0.043690
0.018801
0.018717
0.024255
0.022846
0.009855
0.012147
0.020650
0.014616
0.012007
0.020396
0.019791
0.022170
0.022701
0.038603
0.021935
0.015536
0.026538
0.021931
0.015876
0.028858
0.024028
0.009882
0.030729
0.044910
0.018954
0.004200
0.019053
0.023917
0.023143
0.022592
0.045159
0.032791
0.032351
0.011228
0.019791
0.033202
0.035233
0.051265
0.038018
0.043932
0.015766
0.012888
0.046574
0.025259
0.034015
0.026112
0.026345
0.014425
0.033581
0.028962
0.031415
0.028013
0.030760
0.038241
0.032327
0.019523
0.007070
0.033769
0.041902
0.026037
0.022693
0.023185
0.024355
0.028244
0.027565
0.019785
0.015406
0.019200
0.020378
0.026304
0.027834
0.039140
0.022761
0.020827
0.014314
0.012394
0.032496
0.018714
0.010824
0.025204
0.021360
0.014538
0.020507
0.023367
0.018102
0.040395
0.019043
0.031245
0.034891
0.027019
0.024490
0.007005
0.015379
0.027058
0.018442
0.029887
0.020464
0.016288
0.038727
0.021251
0.029835
0.031954
0.012176
0.012261
0.019253
0.023596
0.010512
0.025706
0.036867
0.025933
0.015845
0.036617
0.032274
0.035771
0.014539
0.025636
0.013021
0.020102
0.027672
0.038177
0.022430
0.024060
0.007879
0.010958
0.027972
0.018977
0.005192
0.016227
0.029664
0.031296
0.039708
0.059596
0.048610
0.043909
0.050025
0.042488
0.021655
0.018674
0.023501
0.021785
0.026998
0.030461
0.005965
0.005502
0.023423
0.035699
0.024930
0.016755
0.024532
0.031992
0.027252
0.012305
0.026267
0.012399
0.015514
0.027175
0.033641
0.033491
0.032963
0.035279
0.014542
0.040381
0.040503
0.002939
0.031866
0.009233
0.021337
0.018656
0.022195
0.033980
0.020556
0.028416
0.023371
0.023018
0.022737
0.023323
0.027176
0.023850
0.036628
0.015206
0.014170
0.031797
0.014771
0.025483
0.041398
0.030968
0.026668
0.019873
0.022335
0.031273
0.042873
0.032573
0.029346
0.033922
0.037398
0.036794
0.042938
0.016090
0.009267
0.041377
0.020419
0.045899
0.038143
0.029041
0.039367
0.010704
0.020252
0.015198
0.028169
0.030332
0.020286
0.022453
0.022771
0.018008
0.020646
0.035304
0.032448
0.035139
0.031668
0.022703
0.016592
0.027392
0.017567
0.013435
0.021053
0.018615
0.034660
0.026316
0.034708
0.014585
0.030043
0.013942
0.031783
0.048490
0.034371
0.009861
0.028039
0.018392
0.014925
0.008409
0.035603
0.027020
0.019059
0.015271
0.017501
0.053787
0.052032
0.005965
0.012365
0.040893
0.027784
0.015543
0.022814
0.020733
0.033517
0.037998
0.026465
0.032942
0.045167
0.026123
0.024735
0.029782
0.027101
0.015862
0.018519
0.014024
0.010332
0.012086
0.028298
0.025325
0.038981
0.020098
0.030466
0.013485
0.016791
0.025224
0.019273
0.021461
0.011817
0.021565
0.007921
0.032769
0.008804
0.038313
0.024361
0.032374
0.031223
0.031713
0.042650
0.034905
0.029529
0.039717
0.030035
0.016231
0.024041
0.043509
0.038242
0.022033
0.012400
0.015379
0.012825
0.012653
0.015374
0.015636
0.006665
0.021838
0.029733
0.018211
0.014800
0.025079
0.032737
0.035820
0.049566
0.021244
0.026270
0.044160
0.024162
0.025517
0.039465
0.022222
0.026538
0.011103
0.021064
0.022252
0.020450
0.028193
0.024958
0.007698
0.023908
0.029083
0.019797
0.012025
0.041770
0.019162
0.032894
0.018717
0.017521
0.017850
0.030044
0.056595
0.059895
0.040817
0.042864
0.025612
0.045557
0.030925
0.018024
0.047207
0.039243
0.035743
0.033430
0.019398
0.038615
0.033357
0.030335
0.015934
0.023470
0.010455
0.022721
0.013918
0.015353
0.023527
0.032747
0.035484
0.023835
0.026438
0.013212
0.018408
0.034744
0.023790
0.028077
0.026790
0.018106
0.028389
0.027858
0.019768
0.012902
0.006880
0.027835
0.022233
0.020667
0.020889
0.036160
0.015610
0.018915
0.040094
0.030135
0.015891
0.025026
0.028103
0.038493
0.021852
0.034468
0.045848
0.007162
0.040406
0.029340
0.024166
0.025165
0.010966
0.020335
0.042100
0.015190
0.011564
0.040191
0.032069
0.025068
0.027832
0.022885
0.037725
0.030320
0.038768
0.039731
0.030194
0.034610
0.047406
0.028041
0.021484
0.029302
0.030631
0.013417
0.010350
0.026332
0.021508
0.034905
0.033657
0.015170
0.012424
0.035277
0.025623
0.038222
0.026182
0.018574
0.007374
0.046943
0.014326
0.034707
0.028347
0.045529
0.021119
0.024064
0.008707
0.043725
0.035346
0.031535
0.028719
0.048787
0.013854
0.032331
0.039662
0.030120
0.011973
0.044508
0.031748
0.030837
0.012045
0.029619
0.026212
0.039070
0.027234
0.031761
0.031478
0.025103
0.028777
0.016140
0.030176
0.026588
0.024651
0.016944
0.017716
0.013771
0.014458
0.031192
0.016597
0.034761
0.008543
0.027945
0.054703
0.032130
0.036536
0.031430
0.058746
0.055641
0.049317
0.033488
0.024892
0.010006
0.020979
0.028027
0.032405
0.017054
0.039245
0.029735
0.015741
0.022146
0.011967
0.031490
0.025358
0.020349
0.026440
0.029152
0.034709
0.036770
0.021752
0.018190
0.011084
0.027917
0.007431
0.030219
0.015524
0.048756
0.025260
0.029081
0.019035
0.035665
0.020378
0.008869
0.016215
0.029718
0.028604
0.007734
0.026993
0.035931
0.054240
0.009792
0.016748
0.019467
0.042691
0.019941
0.020695
0.015904
0.018437
0.013523
0.021812
0.026294
0.028208
0.033763
0.029739
0.006265
0.019308
0.029655
0.020173
0.019335
0.031534
0.010689
0.011567
0.037375
0.047402
0.041895
0.037316
0.038208
0.011376
0.027952
0.017405
0.029775
0.015466
0.024026
0.024424
0.037319
0.020454
0.029180
0.028216
0.020654
0.029667
0.012933
0.024626
0.022701
0.025546
0.050470
0.014563
0.031368
0.036791
0.016009
0.024591
0.026828
0.019838
0.039183
0.023233
0.026894
0.010412
0.020699
0.025298
0.018477
0.020507
0.024188
0.022875
0.017458
0.032967
0.017633
0.018950
0.053566
0.034825
0.045634
0.046774
0.027104
0.023947
0.011199
0.037318
0.031309
0.018479
0.039613
0.020763
0.032694
0.010816
0.011601
0.025043
0.014543
0.034341
0.014371
0.033520
0.020821
0.014121
0.011305
0.031680
0.019075
0.026995
0.018889
0.019841
0.037752
0.019414
0.026999
0.010382
0.012544
0.033934
0.028154
0.013010
0.026041
0.024989
0.013572
0.010160
0.017891
0.034776
0.035587
0.011215
0.016473
0.025584
0.023303
0.023496
0.016064
0.023798
0.033346
0.013165
0.024616
0.028534
0.014768
0.021605
0.017345
0.014489
0.027081
0.012888
0.039811
0.016179
0.017043
0.022968
0.010298
0.024839
0.018027
0.029446
0.014877
0.030790
0.020908
0.033832
0.010063
0.032157
0.038721
0.027339
0.029277
0.017083
0.033867
0.014985
0.009982
0.025710
0.031266
0.030781
0.041540
0.037692
0.017947
0.037099
0.033494
0.042634
0.027784
0.013222
0.023645
0.025366
0.030336
0.050398
0.030445
0.034745
0.035129
0.043493
0.026472
0.017538
0.031365
0.030353
0.022692
0.018188
0.028541
0.006923
0.021828
0.019158
0.025800
0.018461
0.024308
0.011265
0.028978
0.002720
0.023853
0.035479
0.036767
0.025589
0.012913
0.028038
0.038683
0.013940
0.015514
0.010698
0.034690
0.011297
0.015409
0.035064
0.014324
0.020057
0.026498
0.015206
0.034151
0.031323
0.014811
0.015321
0.017120
0.026051
0.028711
0.020573
0.014605
0.020110
0.024845
0.017293
0.015552
0.041751
0.006820
0.025261
0.014988
0.040994
0.021134
0.029242
0.026578
0.038047
0.031869
0.038183
0.034871
0.031263
0.026631
0.016601
0.001810
0.033018
0.022377
0.023505
0.017218
0.024213
0.026428
0.024331
0.016405
0.030325
0.040970
0.035282
0.007089
0.018020
0.019069
0.014190
0.016961
0.010552
0.014773
0.019061
0.019591
0.006351
0.019270
0.015731
0.026048
0.013746
0.014235
0.015003
0.037044
0.042625
0.034870
0.018177
0.013477
0.019826
0.015342
0.020498
0.027473
0.020182
0.027411
0.019215
0.020447
0.020404
0.048608
0.011269
0.024602
0.043523
0.024432
0.021001
0.021732
0.022875
0.041036
0.024649
0.017105
0.028629
0.024216
0.028367
0.014469
0.014165
0.047032
0.039231
0.038546
0.030743
0.057941
0.042323
0.013702
0.014393
0.011781
0.024917
0.020758
0.006608
0.010563
0.029903
0.026394
0.009980
0.038437
0.014175
0.026571
0.020083
0.015219
0.020275
0.027240
0.019878
0.037340
0.008586
0.022102
0.020003
0.011517
0.044216
0.028618
0.024681
0.033201
0.029290
0.018959
0.028526
0.030853
0.029591
0.024484
0.028221
0.042575
0.018851
0.020094
0.011717
0.028667
0.023061
0.018725
0.018335
0.010226
0.024648
0.022546
0.015891
0.024653
0.019269
0.019967
0.031358
0.012378
0.017191
0.055811
0.023099
0.039282
0.018323
0.017611
0.020210
0.032509
0.008915
0.033252
0.027719
0.037809
0.024824
0.017567
0.027926
0.024332
0.006339
0.031994
0.013645
0.044592
0.015565
0.032406
0.030221
0.033287
0.042245
0.032240
0.018962
0.011298
0.016944
0.041048
0.030096
0.033361
0.017788
0.036674
0.027718
0.022291
0.028327
0.007163
0.013425
0.017820
0.011129
0.022591
0.033828
0.021141
0.025098
0.034843
0.029499
0.023952
0.039012
0.035690
0.014426
0.021204
0.023499
0.013448
0.019951
0.016625
0.016906
0.052762
0.046503
0.012138
0.036860
0.032844
0.016029
0.019177
0.032927
0.017743
0.011072
0.025782
0.011805
0.027774
0.026380
0.029712
0.017183
0.016860
0.014604
0.036550
0.027381
0.012960
0.022260
0.022264
0.033945
0.021702
0.039409
0.028120
0.016316
0.008598
0.025803
0.026538
0.020152
0.018318
0.026598
0.010117
0.051797
0.028589
0.027991
0.038792
0.012696
0.031943
0.030659
0.042009
0.014509
0.020149
0.029560
0.031215
0.016333
0.021057
0.029988
0.041029
0.041429
0.052491
0.051128
0.041284
0.023842
0.015759
0.026649
0.019534
0.023622
0.023005
0.040541
0.014164
0.023481
0.007374
0.013271
0.017276
0.017774
0.027493
0.031947
0.028063
0.029594
0.032268
0.038773
0.026850
0.021023
0.034617
0.026412
0.041740
0.028115
0.021325
0.023098
0.041973
0.028484
0.047886
0.025862
0.026730
0.039077
0.022643
0.028482
0.033242
0.036602
0.031392
0.020252
0.020114
0.049472
0.019691
0.007973
0.035008
0.032410
0.035546
0.052163
0.022826
0.010143
0.041119
0.017755
0.041944
0.006986
0.012051
0.032399
0.028602
0.047977
0.032994
0.025811
0.031346
0.017596
0.021204
0.038201
0.037525
0.046123
0.044358
0.039975
0.035038
0.027063
0.028205
0.034266
0.032970
0.019163
0.016614
0.007610
0.018332
0.019149
0.012088
0.025830
0.020044
0.017220
0.025575
0.021985
0.031465
0.024417
0.007001
0.017290
0.001866
0.019262
0.019395
0.019597
0.037018
0.032287
0.020340
0.010649
0.021037
0.037423
0.053903
0.029573
0.023824
0.013786
0.027877
0.038909
0.048818
0.028091
0.055105
0.034769
0.027463
0.029756
0.027303
0.033138
0.032829
0.033451
0.039692
0.014355
0.027734
0.005080
0.012982
0.017534
0.017283
0.020791
0.011894
0.013803
0.026663
0.013221
0.024969
0.008728
0.019692
0.026836
0.013266
0.023553
0.017930
0.025745
0.020683
0.031915
0.023038
0.034288
0.030804
0.020699
0.025705
0.029208
0.009522
0.026647
0.027629
0.014845
0.024145
0.018047
0.013768
0.023491
0.023238
0.020454
0.022379
0.034731
0.014280
0.023280
0.044923
0.043527
0.027261
0.031470
0.034610
0.023610
0.024070
0.015601
0.021188
0.005895
0.012586
0.017059
0.033265
0.052607
0.033991
0.029446
0.023207
0.022084
0.021304
0.047894
0.015639
0.035183
0.017009
0.029619
0.031913
0.029599
0.017843
0.020026
0.011084
0.035292
0.026508
0.023606
0.042576
0.022938
0.015706
0.018734
0.021081
0.032474
0.035799
0.027384
0.025173
0.016956
0.033414
0.025036
0.011801
0.035479
0.022730
0.018257
0.019913
0.015654
0.029195
0.028160
0.021042
0.030980
0.018138
0.025169
0.020529
0.017392
0.028337
0.019403
0.021417
0.021757
0.025003
0.017258
0.015065
0.023187
0.013643
0.013002
0.031601
0.021599
0.007115
0.028789
0.015886
0.052580
0.044564
0.016286
0.028342
0.013887
0.016563
0.027484
0.010728
0.018146
0.018146
0.038483
0.018112
0.022821
0.023863
0.044978
0.032173
0.026245
0.027518
0.025375
0.041769
0.042528
0.062062
0.037679
0.048855
0.041606
0.050947
0.010082
0.042047
0.013530
0.032220
0.017089
0.026262
0.023479
0.019503
0.003579
0.034178
0.021868
0.027107
0.019446
0.039007
0.021470
0.023710
0.017600
0.020864
0.026583
0.029119
0.013207
0.018527
0.020199
0.029299
0.017603
0.022806
0.015387
0.009757
0.018309
0.025996
0.017464
0.021096
0.022489
0.012435
0.020249
0.035334
0.030827
0.013918
0.015914
0.011818
0.029034
0.021670
0.023400
0.012956
0.021081
0.015857
0.038193
0.005063
0.016388
0.016775
0.010017
0.023106
0.025354
0.019344
0.032081
0.038097
0.032197
0.034952
0.030271
0.020460
0.036162
0.050404
0.040225
0.044602
0.041709
0.022811
0.019846
0.015313
0.030656
0.044464
0.014493
0.009563
0.015364
0.022932
0.021581
0.016446
0.007395
0.045004
0.040815
0.043072
0.034592
0.033333
0.047860
0.020255
0.031494
0.033238
0.025049
0.045253
0.025416
0.029545
0.020894
0.016718
0.035470
0.037256
0.032117
0.033481
0.017927
0.037863
0.015298
0.012261
0.012078
0.024176
0.021299
0.022259
0.023011
0.021469
0.012275
0.017291
0.023832
0.031228
0.007246
0.016999
0.010097
0.026387
0.009718
0.014941
0.011468
0.030337
0.023320
0.007053
0.019451
0.013291
0.008915
0.025258
0.022714
0.023012
0.025630
0.043782
0.018610
0.021894
0.018011
0.021264
0.035212
0.016224
0.028980
0.010541
0.011373
0.042669
0.033141
0.023915
0.032885
0.030109
0.042501
0.044719
0.032222
0.017215
0.031964
0.024808
0.030454
0.013568
0.002589
0.018361
0.028423
0.014179
0.038482
0.013990
0.024121
0.030878
0.020430
0.023921
0.038211
0.031225
0.023376
0.024727
0.020894
0.024910
0.039465
0.018402
0.033180
0.024465
0.022360
0.011991
0.041123
0.033949
0.007489
0.030142
0.013895
0.019403
0.025813
0.037278
0.021396
0.025641
0.034481
0.006792
0.007535
0.017157
0.030181
0.026462
0.026465
0.014377
0.014413
0.009993
0.019601
0.022877
0.034932
0.015237
0.013219
0.017681
0.027540
0.022329
0.015726
0.017298
0.011115
0.039044
0.029609
0.033684
0.034264
0.023420
0.033573
0.029579
0.035243
0.026904
0.026979
0.016114
0.018151
0.037051
0.020010
0.015919
0.041236
0.034964
0.016036
0.023094
0.026279
0.039637
0.023816
0.028248
0.010969
0.020879
0.020654
0.017614
0.020598
0.019205
0.018368
0.019057
0.038778
0.025215
0.023919
0.020373
0.037879
0.030315
0.008209
0.024714
0.028310
0.009857
0.006463
0.027933
0.029513
0.036679
0.026143
0.026240
0.029632
0.022029
0.027521
0.034921
0.040158
0.016725
0.026995
0.022195
0.031734
0.022559
0.013818
0.027600
0.018270
0.020278
0.013594
0.029421
0.032031
0.021136
0.022673
0.025715
0.029559
0.032144
0.014386
0.014195
0.039444
0.037597
0.039323
0.026303
0.019326
0.037280
0.044393
0.015342
0.033845
0.028697
0.046157
0.036744
0.040230
0.018666
0.020983
0.008266
0.032655
0.028174
0.052612
0.036162
0.034690
0.038713
0.029703
0.013350
0.018760
0.037071
0.022705
0.027391
0.026726
0.015022
0.024279
0.023964
0.018752
0.029217
0.032162
0.019871
0.007825
0.015305
0.026323
0.017886
0.018986
0.013775
0.026058
0.027439
0.016219
0.010951
0.026559
0.011709
0.027388
0.028380
0.024760
0.026246
0.037013
0.017608
0.034533
0.025540
0.029563
0.021819
0.005758
0.019517
0.014878
0.024574
0.020210
0.012655
0.020701
0.005256
0.027175
0.035954
0.033868
0.024655
0.012517
0.033387
0.039273
0.012379
0.006213
0.018811
0.025730
0.039420
0.016671
0.026892
0.020850
0.016866
0.024331
0.024760
0.031551
0.031181
0.039481
0.028852
0.034342
0.022232
0.039219
0.032757
0.014129
0.031246
0.024501
0.024788
0.037279
0.031408
0.020480
0.011365
0.018381
0.023755
0.013552
0.009282
0.029160
0.027296
0.019892
0.020452
0.043521
0.031349
0.025103
0.027738
0.026214
0.026828
0.004084
0.029747
0.011718
0.031965
0.017507
0.044021
0.028209
0.025232
0.024512
0.025755
0.021766
0.013947
0.020905
0.019564
0.024908
0.025735
0.032378
0.015600
0.022591
0.037194
0.014405
0.023478
0.005448
0.028634
0.007253
0.018758
0.017141
0.031637
0.036591
0.028747
0.041848
0.022919
0.015871
0.019840
0.016628
0.028479
0.013125
0.022318
0.019410
0.036961
0.029196
0.016362
0.020074
0.007326
0.020224
0.018616
0.030066
0.014243
0.052375
0.026350
0.035302
0.032387
0.021287
0.036863
0.023553
0.027785
0.030178
0.025770
0.018493
0.017327
0.030194
0.035361
0.025122
0.022432
0.019320
0.025921
0.014982
0.024037
0.018428
0.021046
0.016318
0.029535
0.015214
0.034840
0.018780
0.037347
0.007443
0.009025
0.012851
0.019577
0.039952
0.013557
0.025635
0.013765
0.013363
0.021490
0.025416
0.015852
0.011893
0.026057
0.014293
0.008539
0.041644
0.042964
0.043218
0.018748
0.025869
0.044820
0.039426
0.052317
0.033056
0.042223
0.029971
0.041836
0.039718
0.027558
0.025636
0.033958
0.050760
0.018670
0.026953
0.033897
0.021912
0.015351
0.032459
0.018406
0.040849
0.042445
0.028224
0.021094
0.027119
0.033451
0.005822
0.063630
0.044255
0.031476
0.039184
0.024441
0.016227
0.023308
0.029974
0.029404
0.022578
0.014588
0.018169
0.017634
0.025610
0.033927
0.022033
0.028906
0.009995
0.042107
0.016642
0.030611
0.031937
0.024044
0.023323
0.037200
0.012927
0.017469
0.045389
0.039108
0.023867
0.022540
0.024438
0.014693
0.019292
0.013525
0.016879
0.018149
0.021755
0.048654
0.029625
0.030250
0.007655
0.051176
0.031072
0.036818
0.040117
0.052559
0.060504
0.042102
0.031632
0.049728
0.034239
0.026963
0.021677
0.019175
0.014019
0.024182
0.019632
0.015138
0.022002
0.028880
0.019210
0.041284
0.032584
0.025587
0.025516
0.036128
0.054357
0.007705
0.028837
0.013721
0.012952
0.014132
0.011537
0.011266
0.029280
0.024527
0.028341
0.017317
0.044128
0.024192
0.020943
0.019985
0.019341
0.035002
0.032669
0.025377
0.027977
0.030082
0.035972
0.027563
0.037232
0.027174
0.010472
0.017648
0.024558
0.014260
0.028019
0.027615
0.033724
0.012081
0.024119
0.007345
0.012120
0.018430
0.041903
0.049469
0.025576
0.030519
0.031896
0.025805
0.014164
0.016605
0.035693
0.022591
0.039069
0.011614
0.014130
0.041236
0.018436
0.014949
0.025371
0.028853
0.025450
0.023815
0.018777
0.022515
0.015219
0.035517
0.033507
0.036337
0.020651
0.021835
0.009872
0.022569
0.025080
0.011337
0.017339
0.037545
0.022645
0.023699
0.025565
0.028414
0.030048
0.025523
0.025731
0.039375
0.030030
0.032100
0.013117
0.023424
0.022227
0.019361
0.029345
0.040427
0.036733
0.016938
0.029379
0.043141
0.042968
0.025917
0.026443
0.022489
0.017125
0.036498
0.009653
0.030779
0.047406
0.023931
0.038213
0.010987
0.048394
0.035694
0.028003
0.027400
0.026319
0.017326
0.022202
0.039556
0.021135
0.021929
0.017801
0.032892
0.017390
0.035739
0.011482
0.029435
0.007659
0.019063
0.019598
0.034312
0.019577
0.019078
0.029675
0.033099
0.040001
0.014547
0.025637
0.013794
0.033123
0.013412
0.030357
0.018468
0.028807
0.016029
0.052970
0.034184
0.036028
0.015574
0.018309
0.026209
0.020820
0.022808
0.016788
0.030702
0.021901
0.013572
0.022673
0.027210
0.033976
0.007898
0.012884
0.032732
0.035775
0.016275
0.053391
0.039991
0.034678
0.007476
0.039917
0.031959
0.019241
0.022199
0.021560
0.012313
0.022156
0.013426
0.018055
0.034669
0.018732
0.017149
0.016406
0.025518
0.024351
0.029720
0.025308
0.035629
0.036939
0.047243
0.022909
0.047779
0.032759
0.034504
0.033593
0.015520
0.027948
0.016614
0.030530
0.032840
0.034565
0.011938
0.025881
0.030353
0.024685
0.013258
0.027111
0.023517
0.007488
0.028042
0.008122
0.014556
0.050134
0.030890
0.039986
0.050191
0.058935
0.048245
0.043177
0.033242
0.010512
0.018641
0.011995
0.036370
0.024863
0.026377
0.026690
0.026268
0.033509
0.019280
0.025394
0.031687
0.021839
0.018375
0.027989
0.021589
0.039226
0.014542
0.010225
0.009243
0.034526
0.009673
0.034373
0.013938
0.008266
0.018814
0.019789
0.028474
0.035856
0.016134
0.032813
0.019400
0.023742
0.029769
0.018420
0.019126
0.036618
0.029452
0.008741
0.019127
0.019864
0.016361
0.024495
0.024427
0.024472
0.010109
0.024692
0.031920
0.014629
0.018953
0.032942
0.018633
0.020286
0.037127
0.022337
0.017790
0.039693
0.030011
0.009919
0.014742
0.022417
0.044829
0.029440
0.047818
0.025501
0.031379
0.028689
0.021408
0.026222
0.017295
0.021379
0.022676
0.032159
0.016936
0.012727
0.028332
0.028010
0.040798
0.029320
0.031631
0.020204
0.018394
0.032010
0.017336
0.016452
0.006397
0.028747
0.013292
0.024441
0.031117
0.039859
0.036252
0.008755
0.046437
0.013935
0.042622
0.037370
0.015397
0.035466
0.015016
0.025097
0.031492
0.024226
0.012419
0.014828
0.039539
0.014309
0.019978
0.022568
0.022831
0.014443
0.003646
0.013251
0.047386
0.012162
0.034141
0.023504
0.035316
0.007347
0.005892
0.025276
0.043008
0.029502
0.031629
0.032548
0.027850
0.024692
0.034468
0.041715
0.054043
0.050693
0.031059
0.054120
0.031453
0.019521
0.028908
0.018817
0.028164
0.019152
0.034305
0.018392
0.021288
0.022087
0.005047
0.007690
0.021005
0.026055
0.024477
0.018885
0.030910
0.010194
0.025423
0.033051
0.014079
0.026795
0.034942
0.013297
0.031671
0.036426
0.019826
0.021581
0.015376
0.021918
0.025342
0.025698
0.004473
0.012766
0.018102
0.016433
0.023562
0.011479
0.031170
0.026078
0.015722
0.030010
0.028507
0.011991
0.034246
0.017663
0.034730
0.018831
0.021452
0.032498
0.032015
0.020756
0.009661
0.028741
0.010624
0.020366
0.013421
0.024341
0.014484
0.019912
0.021351
0.028654
0.015715
0.020200
0.028353
0.037153
0.020503
0.028378
0.036415
0.048147
0.020745
0.026365
0.018092
0.032161
0.044505
0.014376
0.007078
0.041217
0.035453
0.032983
0.030221
0.027464
0.025516
0.011932
0.030547
0.024462
0.025325
0.023397
0.038037
0.031663
0.032654
0.023422
0.034413
0.027464
0.028114
0.005275
0.033869
0.026876
0.020914
0.023200
0.025665
0.044647
0.014552
0.025766
0.011829
0.024122
0.010490
0.001718
0.025033
0.027163
0.027209
0.023130
0.025416
0.019613
0.015049
0.025261
0.019416
0.032249
0.022111
0.028728
0.021653
0.025079
0.026731
0.018575
0.022918
0.023900
0.028977
0.020399
0.016725
0.021484
0.035878
0.015116
0.010208
0.033981
0.026611
0.017165
0.029087
0.016041
0.031250
0.032360
0.038397
0.027761
0.021695
0.025980
0.009939
0.016725
0.027789
0.016513
0.033619
0.018945
0.021203
0.015966
0.023098
0.020520
0.025504
0.024197
0.033962
0.022997
0.016220
0.025939
0.024005
0.036315
0.016053
0.018654
0.033824
0.024105
0.033914
0.026816
0.030552
0.035337
0.029110
0.025830
0.038932
0.032390
0.030634
0.017458
0.023516
0.038586
0.009778
0.028609
0.008963
0.013716
0.024862
0.022000
0.013596
0.024347
0.023810
0.015839
0.020617
0.026497
0.015474
0.022931
0.009827
0.011836
0.042299
0.033616
0.027824
0.036430
0.020044
0.017781
0.013200
0.035390
0.020499
0.021292
0.020964
0.024325
0.022105
0.019500
0.026853
0.024618
0.013891
0.032745
0.025145
0.020370
0.027621
0.017283
0.010692
0.014999
0.005202
0.014554
0.025546
0.046248
0.008741
0.026780
0.027317
0.032233
0.018659
0.018780
0.018979
0.026578
0.011806
0.027484
0.018367
0.027063
0.018325
0.015775
0.014849
0.004058
0.056270
0.028754
0.034299
0.022586
0.013577
0.023553
0.021515
0.031521
0.037103
0.041967
0.044238
0.059395
0.041416
0.038996
0.040702
0.032829
0.010849
0.011487
0.025789
0.015243
0.035858
0.013762
0.034308
0.021761
0.014924
0.011760
0.031060
0.026730
0.017608
0.018872
0.037411
0.020218
0.027210
0.010984
0.016453
0.029366
0.020733
0.027623
0.021419
0.034536
0.030191
0.009773
0.039397
0.038985
0.051077
0.025427
0.026700
0.010778
0.028862
0.037320
0.032498
0.012614
0.022390
0.012330
0.026850
0.023508
0.018115
0.033881
0.042871
0.024878
0.014008
0.036285
0.032527
0.038652
0.032382
0.022572
0.054092
0.056614
0.039118
0.052008
0.065950
0.031737
0.018747
0.034911
0.030246
0.043142
0.022143
0.018811
0.019907
0.031157
0.022124
0.011875
0.014873
0.033290
0.040621
0.026932
0.035141
0.007789
0.032548
0.029108
0.006207
0.023467
0.035377
0.042100
0.053898
0.049424
0.031081
0.054254
0.041944
0.016512
0.041863
0.025302
0.014829
0.017832
0.029439
0.024764
0.025308
0.013917
0.032885
0.027680
0.018036
0.035694
0.013849
0.047117
0.031399
0.025644
0.014387
0.037161
0.030606
0.022844
0.039433
0.004042
0.029122
0.033994
0.046616
0.020342
0.018454
0.039838
0.022049
0.027621
0.034059
0.012642
0.026932
0.022778
0.037488
0.014578
0.028375
0.015554
0.010247
0.035298
0.032992
0.022836
0.033233
0.023530
0.026105
0.019486
0.023481
0.041889
0.023723
0.016446
0.032199
0.029841
0.026720
0.008863
0.030820
0.020102
0.026275
0.019834
0.009542
0.006667
0.025720
0.019971
0.043970
0.021766
0.026310
0.021906
0.039571
0.024184
0.018178
0.031200
0.026085
0.037503
0.029146
0.025464
0.027941
0.021743
0.025581
0.010269
0.026718
0.033025
0.017183
0.013680
0.019127
0.019455
0.013199
0.037484
0.017924
0.014551
0.029838
0.019227
0.032114
0.016274
0.031030
0.018859
0.045472
0.017014
0.041882
0.012651
0.018335
0.024083
0.010154
0.024190
0.021592
0.021750
0.023357
0.027501
0.018378
0.014010
0.018137
0.031418
0.018266
0.020042
0.033465
0.015806
0.019200
0.020998
0.023454
0.018518
0.029179
0.011438
0.026566
0.035293
0.051564
0.037542
0.045640
0.044696
0.021363
0.024248
0.035822
0.007916
0.020758
0.020726
0.012914
0.008430
0.028089
0.023844
0.027605
0.014352
0.038554
0.011633
0.012344
0.042231
0.037399
0.014500
0.018818
0.047613
0.023664
0.031245
0.043871
0.046086
0.039682
0.023410
0.028015
0.021212
0.008089
0.033694
0.012820
0.030429
0.020254
0.020295
0.032844
0.025774
0.033974
0.027101
0.040073
0.035205
0.018166
0.020331
0.026906
0.021674
0.016750
0.023803
0.013366
0.018892
0.034217
0.009763
0.034344
0.039830
0.034714
0.027287
0.027906
0.026734
0.016952
0.031831
0.021645
0.028745
0.017806
0.019976
0.017471
0.013625
0.028767
0.019638
0.011802
0.028269
0.024838
0.030771
